Phase1: 4.148319
Phase2: 0.000207
Phase3: 0.008092
Phase4: 0.739631
