Phase1: 3.778275
Phase2: 0.000255
Phase3: 0.007634
Phase4: 0.797053
